0 0.48984375 0.4234375 0.21640625 0.1359375
0 0.4078125 0.47265625 0.165625 0.171875
0 0.590625 0.56640625 0.19921875 0.103125
0 0.3375 0.64609375 0.15859375 0.075
0 0.76875 0.29453125 0.14453125 0.2078125
0 0.640625 0.42890625 0.15859375 0.13125
0 0.8296875 0.478125 0.24765625 0.128125
0 0.27578125 0.5578125 0.11484375 0.1296875
0 0.06953125 0.78046875 0.1390625 0.228125
0 0.16796875 0.73203125 0.09609375 0.059375
0 0.2203125 0.12421875 0.1171875 0.109375
0 0.4625 0.0984375 0.24453125 0.053125
0 0.28125 0.18828125 0.14296875 0.05390625