1 0.08203125 0.4046875 0.10703125 0.04609375
1 0.12890625 0.35234375 0.10390625 0.0640625
1 0.21640625 0.29765625 0.10703125 0.0796875
1 0.55625 0.24921875 0.1578125 0.1015625
1 0.403125 0.290625 0.134375 0.071875
1 0.4921875 0.3375 0.08828125 0.1203125
1 0.315625 0.34609375 0.071875 0.05546875
1 0.38125 0.3984375 0.0875 0.0484375
1 0.31015625 0.3953125 0.04453125 0.0375
1 0.7078125 0.45859375 0.06640625 0.0890625
1 0.79921875 0.45859375 0.12265625 0.0578125
1 0.79453125 0.4046875 0.1484375 0.065625
1 0.70390625 0.3734375 0.08203125 0.06328125
1 0.74375 0.3171875 0.14609375 0.0890625
1 0.6265625 0.33828125 0.12109375 0.0734375
1 0.72421875 0.540625 0.078125 0.09765625
1 0.52734375 0.14296875 0.13828125 0.153125
1 0.4828125 0.146875 0.13046875 0.15546875