0 0.48203125 0.34921875 0.1328125 0.1296875
0 0.35703125 0.47265625 0.2421875 0.18359375
0 0.72734375 0.38125 0.38671875 0.2015625
0 0.7828125 0.578125 0.17578125 0.103125
0 0.271875 0.6859375 0.2984375 0.14453125
0 0.084375 0.77265625 0.16875 0.2015625
0 0.5875 0.89140625 0.14609375 0.15234375
0 0.57109375 0.62890625 0.23828125 0.115625
0 0.82109375 0.6625 0.09765625 0.096875
0 0.528125 0.49375 0.1109375 0.08515625
0 0.7375 0.7671875 0.2203125 0.1171875
0 0.5046875 0.74375 0.14453125 0.0921875
0 0.28828125 0.8015625 0.17578125 0.1453125
0 0.6515625 0.9609375 0.134375 0.0765625