1 0.58984375 0.6 0.18984375 0.1921875
1 0.5859375 0.81875 0.14296875 0.30546875
1 0.6640625 0.7921875 0.16171875 0.2515625
1 0.46796875 0.6546875 0.12890625 0.2
1 0.58046875 0.43671875 0.20078125 0.2140625
1 0.30234375 0.4921875 0.08046875 0.1015625
1 0.2203125 0.46640625 0.08828125 0.08125
1 0.1515625 0.39609375 0.084375 0.07890625
1 0.165625 0.46015625 0.084375 0.09453125
1 0.11796875 0.31484375 0.0640625 0.07734375
1 0.1859375 0.33515625 0.09140625 0.103125
1 0.27265625 0.3625 0.12109375 0.10625
1 0.43125 0.39609375 0.19765625 0.14375
1 0.40625 0.5734375 0.1796875 0.175
1 0.7828125 0.55390625 0.4203125 0.15234375