0 0.4765625 0.68046875 0.13046875 0.0859375
0 0.6265625 0.7328125 0.11328125 0.12578125
0 0.80703125 0.6734375 0.1640625 0.10859375
0 0.5 0.57734375 0.0859375 0.09453125
0 0.63203125 0.61484375 0.11328125 0.09453125
0 0.671875 0.79609375 0.1328125 0.1625
0 0.14765625 0.53671875 0.1390625 0.10078125
0 0.25390625 0.490625 0.13828125 0.13359375
0 0.18125 0.44609375 0.12890625 0.06328125
0 0.39453125 0.3671875 0.1796875 0.11328125
0 0.4203125 0.46875 0.12734375 0.11328125
0 0.24453125 0.2984375 0.2109375 0.18671875